$ANSIBLE_VAULT;1.1;AES256
63653439386632303466663834653037633063613666383438353562383535393336363436366466
3639393631356532643939343962366362633338303435640a346561313663373239333664303030
39623364333762616464333535306332343434333239643534333438623637336230633836356166
3734313665613130610a663137663732623766343665313961376135633064336565306535316137
65343034373165396233346563643830346137353737306133366434656337306534616431303430
36393738343933323739373333613039326462623464373032306431613639383538636239386565
33646437383736343463656639373461313463353639633138336235633666383435326632383338
33663664343535336461636162623339376431336366643334613364333931643037646165336530
65646365313862336662656166643638313731346666393063383165396530343834336461363837
61646163313366663036396233383135306163346363383837386266366135616635303065663463
31353565306137333035323633646230316366323636653364373662323632323661663039373639
65653864616234346434
